154
41
109
155
145
42
67
146
40
68
153
144
17
66
133
102
122
147
158
121
110
50
134
76
98
163
43
132
49
115
123
75
101
28
31
148
112
51
77
108
74
157
18
97
16
135
27
39
34
139
140
116
162
164
99
152
30
29
85
107
48
32
156
73
143
161
35
78
120
86
65
20
131
58
138
26
69
165
114
125
15
124
111
33
159
173
84
87
103
60
141
172
96
21
62
52
160
38
126
171
127
128
44
137
83
56
106
93
57
151
47
176
113
174
94
129
79
95
88
64
167
25
19
72
175
117
59
6
70
130
61
149
104
119
168
63
170
24
1
169
53
23
166
14
150
5
92
136
46
4
2
12
90
22
55
82
91
7
9
37
89
54
3
81
80
181
142
178
118
10
45
182
177
71
36
100
180
11
179
105
13
8
0
