122
133
121
123
132
134
41
145
155
166
40
154
17
109
42
158
153
67
177
112
124
131
157
146
110
167
28
165
176
18
144
68
147
50
111
135
66
113
31
175
125
120
29
115
174
49
30
43
32
178
102
51
156
76
140
75
98
164
99
139
148
130
16
152
27
108
39
77
34
74
173
116
19
114
48
101
78
65
26
33
100
141
58
35
138
159
168
143
20
97
129
73
163
57
162
25
119
107
151
126
79
69
15
52
171
103
24
128
161
85
60
86
172
38
62
127
56
84
21
64
87
106
44
170
47
137
72
150
182
179
94
169
96
59
63
160
136
105
55
23
95
93
104
142
11
61
117
83
54
88
36
118
70
149
71
53
10
180
22
37
181
92
80
46
6
12
45
91
3
9
2
5
4
82
14
81
89
0
13
90
1
7
8
