133
132
134
122
67
41
145
166
157
68
131
123
42
165
40
66
177
17
121
146
144
153
158
147
109
167
50
18
135
110
155
125
154
76
176
164
156
124
31
178
51
75
49
43
140
139
77
148
112
152
111
113
30
74
39
28
115
130
120
34
27
102
32
19
99
163
141
78
98
65
16
108
48
138
58
143
114
175
26
116
29
151
85
33
69
35
73
101
52
86
126
97
168
84
100
60
15
25
179
87
79
162
107
172
103
137
57
129
150
119
59
173
38
128
62
127
44
94
106
47
171
96
64
161
159
20
83
88
21
105
61
174
93
117
24
70
95
180
170
23
142
104
149
56
169
53
136
11
118
182
54
55
181
160
63
10
71
14
37
72
45
82
6
22
36
89
3
12
2
92
4
91
5
80
13
7
46
0
1
90
9
8
81
