652
452
653
453
651
451
654
454
557
558
650
643
556
446
644
3
4
445
559
555
661
455
574
575
655
662
5
791
573
2
450
792
663
572
549
548
645
576
554
831
830
664
672
11
790
462
444
793
649
660
472
550
642
463
461
571
818
1
671
584
447
12
22
551
547
583
832
785
473
464
673
665
817
471
757
835
667
566
564
577
748
756
784
567
23
465
10
565
749
647
585
13
6
648
38
467
39
415
479
794
747
478
553
646
681
416
560
552
443
750
563
744
670
414
834
819
582
0
668
816
514
470
480
19
680
477
31
808
687
765
789
772
513
474
460
468
822
456
682
686
809
676
764
771
16
674
586
798
600
568
487
659
417
599
755
783
488
695
807
743
476
449
569
773
806
40
37
486
799
688
758
821
696
833
546
15
515
562
21
489
760
761
457
518
519
669
766
469
601
763
20
424
656
18
746
805
797
679
425
786
685
829
810
520
590
770
677
694
408
591
490
598
578
561
448
498
497
751
458
616
9
17
413
14
24
774
666
44
778
617
43
531
499
615
459
423
485
30
618
683
581
517
745
635
777
512
762
530
823
636
602
41
496
795
675
827
754
705
779
619
532
800
589
481
587
678
704
658
500
634
614
33
529
506
742
826
36
782
815
706
32
524
475
491
7
769
626
657
508
608
597
505
54
405
528
53
703
418
409
521
697
627
693
620
592
34
442
55
437
689
741
29
466
828
507
52
64
802
776
804
438
430
523
570
825
801
28
607
426
540
374
373
63
65
228
431
436
221
787
439
625
227
166
824
714
715
365
66
402
364
156
165
157
330
45
177
48
739
788
261
176
155
734
539
707
178
796
158
262
684
268
35
716
613
335
366
803
637
375
62
713
378
594
609
811
595
482
279
736
522
735
167
260
49
164
780
504
263
264
186
226
641
429
516
501
336
360
42
495
229
717
718
154
47
280
432
580
700
334
363
175
187
759
179
278
410
372
593
525
702
329
277
367
222
377
411
767
740
419
733
185
254
361
265
394
236
395
404
403
691
289
25
70
606
327
274
737
701
527
690
69
237
440
248
269
331
126
159
290
621
152
692
247
125
353
147
420
775
538
698
719
545
27
368
407
352
346
421
603
699
339
728
51
387
188
541
386
385
8
120
326
67
612
344
628
288
422
230
267
151
533
610
207
435
127
752
46
220
314
484
396
249
208
727
397
343
256
708
820
611
104
640
255
384
61
483
180
50
174
246
814
333
124
393
534
768
121
624
83
345
315
143
428
359
354
632
313
68
153
347
84
427
398
388
712
231
721
631
629
259
163
588
287
542
406
150
144
535
78
118
536
82
74
401
142
232
235
75
239
494
379
303
726
537
115
145
630
351
103
543
123
291
56
71
275
225
338
312
638
302
173
720
304
281
270
168
240
122
26
85
276
579
332
271
266
134
639
114
738
376
105
544
223
328
337
441
253
197
622
242
117
605
86
206
184
433
729
340
356
325
273
169
305
257
196
284
358
753
383
73
243
596
502
511
218
238
434
141
241
245
193
96
357
60
135
301
79
77
509
400
812
492
129
149
87
286
81
133
72
170
91
322
283
296
130
604
119
148
128
219
633
503
311
233
381
212
399
623
324
97
725
205
711
139
380
189
58
813
369
342
59
731
90
732
194
250
282
95
412
306
224
392
272
195
209
146
57
140
371
234
92
160
116
106
198
76
382
350
321
252
389
730
341
211
192
510
112
709
285
217
88
132
162
320
316
89
201
292
80
204
102
210
94
181
724
98
110
722
200
101
171
493
323
131
199
362
355
136
137
297
202
710
300
93
349
310
244
138
526
295
781
183
307
390
251
293
111
203
348
294
190
191
391
107
299
298
308
370
161
258
108
113
319
100
318
214
216
182
109
723
309
213
99
215
317
172
