133
132
134
166
41
17
153
165
157
158
122
145
18
67
40
167
177
42
131
176
109
154
110
146
123
144
28
121
68
66
175
147
135
174
31
155
29
50
30
32
125
111
113
124
164
152
112
178
43
49
76
51
140
139
156
148
77
75
16
27
19
39
130
173
120
115
34
78
74
26
99
48
102
65
143
114
33
108
141
25
116
58
138
98
168
151
35
163
57
100
79
24
73
69
162
159
126
161
15
101
103
86
85
52
60
84
62
20
97
38
171
150
87
119
129
106
107
127
47
56
21
105
170
137
182
64
23
72
179
169
59
44
128
63
61
117
36
88
55
104
11
160
83
93
142
70
71
136
54
118
37
149
96
53
172
80
10
22
12
6
92
95
82
9
46
91
14
45
94
180
89
3
2
181
13
5
1
90
81
4
0
8
7
