133
132
166
17
41
134
177
165
131
18
42
122
167
176
157
40
67
145
158
123
144
113
68
111
153
121
66
124
50
178
125
164
135
146
175
31
156
112
49
147
76
43
152
16
110
140
139
51
75
30
77
130
27
39
32
148
34
174
154
26
19
120
109
99
28
114
74
48
78
102
143
33
141
58
25
65
151
173
138
168
98
115
100
69
103
15
35
79
86
85
57
126
155
119
163
84
106
87
38
150
60
21
52
137
47
73
107
129
62
105
161
29
179
162
24
59
182
23
104
169
170
171
127
56
20
44
88
117
83
64
118
70
61
97
22
101
11
53
136
128
93
10
14
37
63
95
159
54
89
71
80
180
9
116
94
6
181
46
82
3
108
91
2
90
5
45
36
172
4
96
92
13
0
7
160
8
1
81
149
55
12
72
142
